camera_matrix:
1322.474282 0.000000 998.654258
0.000000 1319.048144 657.420876
0.000000 0.000000 1.000000
dist_coeffs:
-0.364405 10.747263 0.029647 -0.002229 -90.330999
rvecs:
0.192427 -0.123893 -1.610263
0.190260 -0.108055 -1.611789
0.189520 -0.122297 -1.610763
0.181236 -0.058659 -1.612066
0.109199 0.017925 -1.603958
-0.088320 -0.035128 -1.544381
-0.128630 -0.231732 -1.557118
-0.164528 -0.344146 -1.585029
-0.176982 -0.538584 -1.574458
-0.165120 -0.638787 -1.573807
-0.157876 -0.660530 -1.567982
-0.135527 -0.498604 -1.581987
-0.165197 0.073319 -1.587832
-0.262468 0.395609 -1.545444
-0.372730 0.664393 -1.498662
-0.510440 0.809781 -1.441927
-0.593113 0.869556 -1.425340
-0.586373 0.862461 -1.426672
-0.432024 0.613597 -1.477739
-0.213116 0.316783 -1.540519
-0.028512 -0.052475 -1.564881
0.120337 -0.504743 -1.594195
0.189869 -0.714143 -1.600484
0.220206 -0.805028 -1.621119
0.195301 -0.949959 -1.636457
0.108278 -1.099650 -1.597345
0.046105 -1.207591 -1.578546
-0.007038 -1.369533 -1.524986
-0.029607 -1.442609 -1.496751
-0.036076 -1.459420 -1.488471
0.022808 -1.097247 -1.607866
0.055064 -0.803160 -1.657333
0.084502 -0.467999 -1.693001
0.122045 -0.322366 -1.698200
0.158456 -0.137817 -1.700679
0.188785 -0.020291 -1.701721
0.192536 0.177674 -1.684773
0.179151 0.459028 -1.640082
-0.033299 0.649559 -1.581146
-0.274651 0.886535 -1.476887
tvecs:
-0.952052 1.142349 5.898962
-0.955246 1.146183 5.917181
-0.957060 1.151235 5.914301
-0.969319 1.160818 5.950518
-0.994852 1.182619 6.010906
-0.993533 1.254202 6.048169
-0.973675 1.260600 5.942061
-0.934987 1.273289 5.859261
-0.902152 1.263714 5.728282
-0.884791 1.246502 5.652265
-0.883692 1.238722 5.639123
-0.934688 1.181026 5.797666
-0.949826 1.108464 6.214001
-0.844184 1.086789 6.413951
-0.681816 1.119785 6.521052
-0.509049 1.172454 6.634741
-0.416879 1.198676 6.721231
-0.429303 1.184909 6.739364
-0.587974 1.094593 6.578648
-0.778926 1.033584 6.285481
-0.888649 1.024669 5.997493
-0.872033 1.023352 5.724707
-0.832268 1.041739 5.576142
-0.811707 1.072584 5.516373
-0.766164 1.064517 5.449023
-0.722103 1.013486 5.402216
-0.680730 0.969711 5.385037
-0.638987 0.925060 5.343076
-0.620970 0.900667 5.331164
-0.616323 0.892734 5.330970
-0.697019 1.013476 5.405210
-0.749281 1.062336 5.533479
-0.804746 1.099426 5.728320
-0.839767 1.117323 5.814806
-0.866272 1.118279 5.911308
-0.882183 1.118121 5.968881
-0.896254 1.116372 6.050583
-0.877826 1.072992 6.162186
-0.773744 1.050112 6.241969
-0.601722 1.078153 6.447799
