camera_matrix:
1335.148396 0.000000 1070.916963
0.000000 1333.195175 488.351090
0.000000 0.000000 1.000000
dist_coeffs:
-0.114598 0.087779 -0.003087 -0.005882 -0.073706
rvecs:
-0.227312 -0.355939 1.425134
-0.246835 -0.370694 1.428666
-0.262732 -0.368481 1.428348
-0.278999 -0.369258 1.428471
-0.264585 -0.353712 1.434676
-0.115132 -0.202683 1.459887
0.054553 -0.026648 1.479224
0.334812 0.160651 1.449935
0.486355 0.273061 1.451101
0.562965 0.335860 1.446980
0.603564 0.346761 1.443770
0.375843 0.233521 1.485149
0.202242 0.089831 1.520311
0.035789 -0.012103 1.522155
-0.058790 -0.095856 1.501044
0.006120 -0.128988 1.531641
0.003699 -0.139214 1.548285
-0.008490 -0.125428 1.553148
-0.027177 -0.142729 1.538154
-0.121491 -0.172069 1.544759
-0.124302 -0.184043 1.517566
-0.143171 -0.208060 1.503030
-0.167120 -0.225170 1.503607
-0.194828 -0.227688 1.505334
-0.251509 -0.290510 1.507732
-0.261504 -0.288253 1.497532
-0.325043 -0.326382 1.502960
-0.397500 -0.392606 1.485996
-0.426874 -0.439595 1.458327
-0.418752 -0.402542 1.456449
-0.376277 -0.317448 1.468532
-0.247353 -0.253281 1.489266
-0.091100 -0.105963 1.535741
0.072148 -0.015320 1.516913
0.177294 0.075862 1.529149
0.200948 0.142451 1.547165
0.166109 0.128983 1.552324
0.096101 0.108913 1.548791
0.052421 0.050162 1.537782
0.035308 0.003863 1.534828
tvecs:
-100.444982 -35.607427 679.890979
-99.968042 -34.637505 682.269864
-100.477287 -34.968195 683.646849
-101.294556 -34.417675 684.806391
-100.818912 -34.871102 685.795319
-96.312234 -47.040411 684.569944
-89.495977 -60.429728 685.603200
-92.177423 -61.188534 667.915712
-94.111674 -56.975193 661.676137
-97.971448 -51.619070 653.710373
-101.673058 -46.632569 644.778954
-100.021971 -48.195532 636.381257
-102.539081 -41.835449 596.911058
-104.767504 -39.207255 558.138359
-108.355978 -33.136316 506.780223
-102.972042 -21.521738 438.441069
-94.254925 -14.698501 392.941422
-90.753768 -17.269042 350.186546
-88.038062 -23.057825 306.163830
-90.588288 -39.359176 383.383500
-101.039631 -47.891284 440.095061
-105.283481 -49.161683 456.831283
-109.719334 -50.584783 477.197497
-113.779289 -55.930267 499.555809
-124.660539 -56.972410 511.775618
-134.232936 -53.832305 510.094796
-144.634313 -47.380812 508.179341
-167.601571 -38.245662 507.139626
-197.302542 -30.990395 514.145345
-221.116234 -29.104502 529.991378
-231.961618 -28.215830 545.125790
-218.727610 -29.007899 550.350844
-169.021881 -34.858980 564.382694
-115.187496 -41.790072 580.221736
-59.295809 -45.004357 612.743927
-20.440454 -46.444767 655.242356
-12.787919 -54.142904 710.928924
-19.895485 -55.374389 772.786522
-34.459218 -47.972863 823.651730
-50.646766 -40.001257 869.085748
