camera_matrix:
1397.974723 0.000000 1020.863956
0.000000 1383.542653 588.226989
0.000000 0.000000 1.000000
dist_coeffs:
0.068905 -0.189820 0.009098 0.016768 0.452512
rvecs:
0.207576 -0.204400 -1.768477
0.209173 -0.202867 -1.767126
0.212616 -0.204182 -1.766779
0.204859 -0.196832 -1.763023
0.157837 -0.148465 -1.744426
-0.023708 -0.035221 -1.701729
-0.175943 -0.051226 -1.645258
-0.300522 -0.184347 -1.597437
-0.381699 -0.353368 -1.570190
-0.457798 -0.540966 -1.547795
-0.524163 -0.665743 -1.531388
-0.563097 -0.752315 -1.502662
-0.588778 -0.796720 -1.491236
-0.548689 -0.785601 -1.496872
-0.453313 -0.662939 -1.493895
-0.372383 -0.301641 -1.476136
-0.349888 0.036910 -1.411380
-0.364387 0.327076 -1.360664
-0.426526 0.460633 -1.334123
-0.469521 0.562452 -1.314121
-0.522186 0.629997 -1.300827
-0.550274 0.629908 -1.295963
-0.488510 0.544403 -1.318613
-0.308248 0.287609 -1.397546
0.009910 0.039412 -1.505108
0.386909 -0.172357 -1.575628
0.524304 -0.458811 -1.633957
0.558896 -0.731749 -1.632465
0.582849 -0.842085 -1.617921
0.612021 -0.905429 -1.615226
0.632160 -0.963793 -1.604693
0.622658 -0.968087 -1.603433
0.566154 -0.928692 -1.626737
0.430150 -0.785500 -1.669261
0.278707 -0.633203 -1.704701
0.225562 -0.376501 -1.690805
0.280533 -0.062095 -1.619176
0.344566 0.191659 -1.591280
0.470068 0.532428 -1.528545
0.480876 0.514491 -1.526840
tvecs:
-11.250421 18.704310 66.197053
-11.224349 18.691271 66.107953
-11.237102 18.718649 66.044234
-11.179187 18.701372 66.029774
-10.803893 18.259543 65.736509
-10.281603 17.702600 65.325541
-9.906788 17.011601 64.750745
-9.961570 15.526669 63.860659
-10.470694 14.109602 63.472621
-11.039715 13.513034 62.804874
-11.667163 12.829609 61.945924
-12.178556 12.309923 61.443424
-12.407638 11.871307 61.210859
-12.729145 11.467082 61.309436
-13.110337 10.145917 61.714627
-13.230147 8.398696 62.085452
-13.150660 6.999458 60.547109
-12.543600 7.054531 57.686945
-11.342745 7.673808 55.848378
-10.186764 8.638005 53.929761
-9.196182 9.507462 52.830332
-8.768719 10.043124 52.258820
-9.501864 9.935397 52.018112
-12.314623 8.792018 50.772854
-16.005480 8.353830 49.027699
-18.441169 9.494179 48.274769
-19.284913 10.916039 47.982866
-19.297365 11.786085 47.409254
-19.285969 12.549755 47.024128
-19.268909 13.139767 46.885106
-19.314724 13.515477 46.780913
-19.428600 13.519137 46.838969
-19.439126 13.151161 47.183530
-19.812693 12.695416 47.982615
-20.243627 12.158363 48.685561
-20.725148 11.206219 49.908172
-21.047258 10.160997 51.226420
-20.729324 10.089494 52.469982
-20.343008 10.064243 53.710413
-20.132380 10.057731 53.788291
