camera_matrix:
1542.692963 0.000000 963.022574
0.000000 1550.653684 471.017104
0.000000 0.000000 1.000000
dist_coeffs:
0.451120 -1.798289 -0.053910 -0.006138 6.146077
scaling_factor:
-4.423724
-4.333627
-4.500769
-4.442436
-4.920317
-15.684473
12.039387
7.618575
6.808699
6.037884
6.626045
12.337349
238.601942
4.148338
3.671951
3.162242
2.561494
2.438265
2.803399
5.027309
9.105595
64.947146
-109.812332
-47.841152
-192.752941
43.659620
37.925926
15.305474
13.173242
11.774062
12.785350
8.004169
10.240000
13.959671
11.114327
10.474810
10.327786
14.548038
16.734305
10.323882
rvecs:
0.019755 -0.237224 -1.672692
0.019155 -0.241441 -1.672727
0.020911 -0.240721 -1.671185
0.019189 -0.240419 -1.671494
-0.018988 -0.168591 -1.669153
-0.202983 0.085041 -1.616835
-0.429250 0.371224 -1.524204
-0.554185 0.554654 -1.455948
-0.614752 0.658231 -1.406325
-0.649220 0.697486 -1.388890
-0.621516 0.697928 -1.392539
-0.402502 0.578523 -1.440346
-0.133449 0.393451 -1.525839
-0.415881 -0.169295 -1.510540
-0.538577 -0.383092 -1.497636
-0.627746 -0.479454 -1.472692
-0.755153 -0.634347 -1.420534
-0.795439 -0.687337 -1.400307
-0.627496 -0.452837 -1.464406
-0.363335 -0.153484 -1.528062
-0.189510 0.072990 -1.535546
-0.038244 0.236196 -1.533462
0.013705 0.302245 -1.525641
0.047691 0.334703 -1.518588
-0.063519 0.416503 -1.500837
-0.259697 0.524242 -1.474482
-0.336214 0.583369 -1.468524
-0.388312 0.590956 -1.458914
-0.392157 0.573804 -1.458226
-0.287099 0.454537 -1.485057
-0.093249 0.266001 -1.505516
0.041555 0.057674 -1.490218
0.015123 -0.009551 -1.509474
-0.014955 0.010724 -1.524464
-0.049501 0.007179 -1.517390
-0.056975 -0.016354 -1.514301
-0.093943 -0.089016 -1.520730
-0.109985 -0.096342 -1.546966
-0.110061 -0.036015 -1.556388
-0.089066 0.050378 -1.542453
tvecs:
-81.760485 161.805821 732.365930
-81.696635 161.853299 732.625340
-81.773790 161.669819 732.580336
-81.858645 161.766401 732.418864
-82.562535 160.527215 737.230234
-80.980833 148.510656 746.882518
-68.997610 141.504429 747.806656
-55.081544 138.976959 744.680429
-44.739248 136.426880 743.595718
-38.684566 135.684126 743.983861
-40.185453 134.614205 741.819131
-56.543839 124.260687 732.717228
-71.720438 122.183948 718.725623
-81.322617 128.439276 699.842608
-89.079711 130.259341 690.775047
-90.253341 128.801308 685.635322
-92.862706 130.059231 673.894043
-93.700235 130.965821 669.605792
-91.703555 132.220885 677.431279
-89.527235 133.798283 692.006736
-89.361100 133.825039 700.050508
-88.228536 134.445491 705.324078
-88.209758 134.139955 708.400738
-88.109964 134.427757 710.462504
-84.671518 130.984974 719.816352
-74.177442 128.784345 728.538388
-67.983505 130.986848 728.982499
-65.939173 133.242342 729.047100
-66.844799 133.624004 729.612736
-77.190715 131.449088 734.222206
-91.537577 121.257728 783.793348
-108.326725 113.003230 836.891977
-118.751473 109.726722 882.810543
-119.043353 114.835618 918.998382
-117.434636 120.425162 944.126329
-115.935551 126.236869 955.216477
-121.693344 122.234001 912.566202
-136.685801 118.780944 817.580383
-144.530004 122.622567 715.627245
-146.361134 137.084232 618.399104
